{
  "layer_10": {
    "persona_names": [
      "cybersec_consultant",
      "pentester",
      "software_engineer",
      "data_scientist",
      "helpful_assistant",
      "private_investigator",
      "medical_doctor",
      "kindergarten_teacher",
      "poet",
      "villain",
      "navy_seal",
      "army_medic",
      "surgeon",
      "paramedic",
      "police_officer",
      "florist",
      "librarian",
      "comedian",
      "french_person",
      "no_persona"
    ],
    "matrix": [
      [
        1.0000003576278687,
        0.992744505405426,
        0.987766444683075,
        0.9914097189903259,
        0.9482126235961914,
        0.9923368096351624,
        0.9821637868881226,
        0.9780181050300598,
        0.9737502932548523,
        0.9861859083175659,
        0.9871091246604919,
        0.9843767881393433,
        0.9905151724815369,
        0.9906182289123535,
        0.9901161789894104,
        0.9857176542282104,
        0.9921655654907227,
        0.9816870093345642,
        0.9717956185340881,
        0.9176207184791565
      ],
      [
        0.992744505405426,
        0.9999998807907104,
        0.9887552261352539,
        0.9922189116477966,
        0.9477025866508484,
        0.9927807450294495,
        0.9809778332710266,
        0.9778502583503723,
        0.9708496332168579,
        0.9838514924049377,
        0.9873859882354736,
        0.9868965744972229,
        0.9902732372283936,
        0.9905535578727722,
        0.9861323833465576,
        0.9870575070381165,
        0.986786425113678,
        0.979202926158905,
        0.9730092287063599,
        0.9172961711883545
      ],
      [
        0.9877663850784302,
        0.9887552261352539,
        0.9999998807907104,
        0.9929263591766357,
        0.9672167897224426,
        0.9851781129837036,
        0.9827588200569153,
        0.9810103178024292,
        0.9625906944274902,
        0.976922869682312,
        0.9781110882759094,
        0.9767385721206665,
        0.9815231561660767,
        0.9828118085861206,
        0.9789079427719116,
        0.9835124611854553,
        0.98435378074646,
        0.9732252359390259,
        0.962594211101532,
        0.9160081148147583
      ],
      [
        0.9914097189903259,
        0.9922189116477966,
        0.9929263591766357,
        0.9999998211860657,
        0.9575520157814026,
        0.9904162883758545,
        0.981674075126648,
        0.9807043075561523,
        0.9692928791046143,
        0.9806016087532043,
        0.9831566214561462,
        0.9819545745849609,
        0.987444281578064,
        0.986653208732605,
        0.9841535091400146,
        0.9869562387466431,
        0.9880543947219849,
        0.97661292552948,
        0.9680909514427185,
        0.9184238314628601
      ],
      [
        0.9482126235961914,
        0.9477025866508484,
        0.9672167897224426,
        0.9575520157814026,
        1.0000003576278687,
        0.9487768411636353,
        0.9524604082107544,
        0.9619810581207275,
        0.9223248362541199,
        0.9371129274368286,
        0.9404772520065308,
        0.9362260699272156,
        0.9415853023529053,
        0.9469069838523865,
        0.9386922121047974,
        0.9545844793319702,
        0.9498915076255798,
        0.9313802719116211,
        0.9253700375556946,
        0.899172306060791
      ],
      [
        0.9923368096351624,
        0.9927807450294495,
        0.9851781129837036,
        0.990416407585144,
        0.9487768411636353,
        1.0000001192092896,
        0.9801817536354065,
        0.9798847436904907,
        0.9774888753890991,
        0.9901533722877502,
        0.9892929196357727,
        0.9868513345718384,
        0.9919549226760864,
        0.9917625784873962,
        0.9907975196838379,
        0.9902528524398804,
        0.9902243614196777,
        0.9840964674949646,
        0.9741477370262146,
        0.9127413630485535
      ],
      [
        0.9821637868881226,
        0.9809778332710266,
        0.9827588200569153,
        0.981674075126648,
        0.9524604082107544,
        0.9801817536354065,
        1.0,
        0.981185257434845,
        0.9626270532608032,
        0.9699122905731201,
        0.9827514886856079,
        0.9843053221702576,
        0.9871398210525513,
        0.9869440197944641,
        0.9813209772109985,
        0.9804460406303406,
        0.980487585067749,
        0.9703383445739746,
        0.9674102067947388,
        0.9250118732452393
      ],
      [
        0.9780181050300598,
        0.9778502583503723,
        0.9810103178024292,
        0.9807043075561523,
        0.9619810581207275,
        0.9798847436904907,
        0.981185257434845,
        1.0000001192092896,
        0.9636008739471436,
        0.9686744809150696,
        0.9759001731872559,
        0.9770165085792542,
        0.9808188080787659,
        0.9814260005950928,
        0.9788470268249512,
        0.984843373298645,
        0.9794309139251709,
        0.9696062207221985,
        0.9703100323677063,
        0.9223988056182861
      ],
      [
        0.9737502932548523,
        0.9708496332168579,
        0.9625906944274902,
        0.9692928791046143,
        0.9223248362541199,
        0.9774888753890991,
        0.9626270532608032,
        0.9636008739471436,
        0.9999997019767761,
        0.9760437607765198,
        0.9731773138046265,
        0.9730119109153748,
        0.9743924140930176,
        0.9741802215576172,
        0.9744480848312378,
        0.970992922782898,
        0.972494900226593,
        0.9795089960098267,
        0.9622226357460022,
        0.9028788208961487
      ],
      [
        0.9861859083175659,
        0.9838514924049377,
        0.9769228100776672,
        0.9806016087532043,
        0.9371129274368286,
        0.9901533722877502,
        0.9699122905731201,
        0.9686744809150696,
        0.9760437607765198,
        0.9999999403953552,
        0.9841718077659607,
        0.9816146492958069,
        0.9832955598831177,
        0.9844040274620056,
        0.986811637878418,
        0.9802930951118469,
        0.9847354888916016,
        0.981685221195221,
        0.9707795977592468,
        0.9080084562301636
      ],
      [
        0.9871091246604919,
        0.9873860478401184,
        0.9781110882759094,
        0.9831566214561462,
        0.9404772520065308,
        0.9892929196357727,
        0.9827514886856079,
        0.9759002923965454,
        0.9731773138046265,
        0.9841718673706055,
        0.9999996423721313,
        0.9928132891654968,
        0.9905828237533569,
        0.991495668888092,
        0.9877164959907532,
        0.9861348867416382,
        0.984086811542511,
        0.9813874363899231,
        0.9738353490829468,
        0.9171523451805115
      ],
      [
        0.9843767881393433,
        0.9868965744972229,
        0.9767385721206665,
        0.9819545745849609,
        0.9362260699272156,
        0.9868513345718384,
        0.9843053221702576,
        0.9770165085792542,
        0.9730119109153748,
        0.9816147089004517,
        0.9928132891654968,
        1.0000001192092896,
        0.991824746131897,
        0.9936373829841614,
        0.9866855144500732,
        0.9857315421104431,
        0.9829356670379639,
        0.9804410338401794,
        0.9756958484649658,
        0.9219341278076172
      ],
      [
        0.9905151724815369,
        0.9902732372283936,
        0.9815231561660767,
        0.987444281578064,
        0.9415853023529053,
        0.9919549226760864,
        0.9871398210525513,
        0.9808188080787659,
        0.9743924140930176,
        0.9832955598831177,
        0.9905827641487122,
        0.991824746131897,
        1.0,
        0.9953062534332275,
        0.9908312559127808,
        0.9896327257156372,
        0.9896603226661682,
        0.9811370372772217,
        0.9763314723968506,
        0.9146203994750977
      ],
      [
        0.9906182289123535,
        0.9905535578727722,
        0.9828118085861206,
        0.986653208732605,
        0.9469069838523865,
        0.9917625784873962,
        0.9869440197944641,
        0.9814260005950928,
        0.9741802215576172,
        0.9844040274620056,
        0.991495668888092,
        0.9936373829841614,
        0.9953062534332275,
        0.9999999403953552,
        0.9900609850883484,
        0.9914536476135254,
        0.9900628328323364,
        0.9823154807090759,
        0.975077748298645,
        0.914965808391571
      ],
      [
        0.9901161789894104,
        0.9861323833465576,
        0.9789079427719116,
        0.9841534495353699,
        0.9386922121047974,
        0.9907975196838379,
        0.9813209772109985,
        0.9788470268249512,
        0.9744480848312378,
        0.986811637878418,
        0.9877164959907532,
        0.9866855144500732,
        0.9908312559127808,
        0.9900609850883484,
        0.9999995231628418,
        0.9847437739372253,
        0.9909300804138184,
        0.9806106686592102,
        0.974431037902832,
        0.9194495677947998
      ],
      [
        0.9857176542282104,
        0.9870575070381165,
        0.9835124611854553,
        0.9869562387466431,
        0.9545844793319702,
        0.9902528524398804,
        0.9804460406303406,
        0.984843373298645,
        0.970992922782898,
        0.9802930951118469,
        0.9861348867416382,
        0.9857315421104431,
        0.9896327257156372,
        0.9914536476135254,
        0.9847437739372253,
        0.9999995827674866,
        0.9874562621116638,
        0.9775148630142212,
        0.973546028137207,
        0.9165279269218445
      ],
      [
        0.9921655654907227,
        0.986786425113678,
        0.98435378074646,
        0.9880543947219849,
        0.9498915076255798,
        0.9902243614196777,
        0.980487585067749,
        0.9794309139251709,
        0.972494900226593,
        0.9847354888916016,
        0.984086811542511,
        0.9829356670379639,
        0.9896603226661682,
        0.9900628328323364,
        0.9909300804138184,
        0.9874562621116638,
        1.000000238418579,
        0.9804085493087769,
        0.971288800239563,
        0.9176876544952393
      ],
      [
        0.9816870093345642,
        0.979202926158905,
        0.9732252359390259,
        0.97661292552948,
        0.9313802719116211,
        0.9840964674949646,
        0.9703383445739746,
        0.9696062207221985,
        0.9795089960098267,
        0.981685221195221,
        0.9813873767852783,
        0.9804410338401794,
        0.9811370372772217,
        0.9823154807090759,
        0.9806106686592102,
        0.9775148630142212,
        0.9804085493087769,
        1.0,
        0.9662010669708252,
        0.9056753516197205
      ],
      [
        0.9717956185340881,
        0.9730092287063599,
        0.962594211101532,
        0.9680909514427185,
        0.9253700375556946,
        0.9741477370262146,
        0.9674102067947388,
        0.9703100323677063,
        0.9622226357460022,
        0.9707797169685364,
        0.9738353490829468,
        0.9756958484649658,
        0.9763314723968506,
        0.975077748298645,
        0.974431037902832,
        0.973546028137207,
        0.971288800239563,
        0.9662010669708252,
        1.0,
        0.9137653112411499
      ],
      [
        0.9176207184791565,
        0.9172961711883545,
        0.9160081148147583,
        0.9184238314628601,
        0.899172306060791,
        0.9127413630485535,
        0.9250118732452393,
        0.9223988056182861,
        0.9028788208961487,
        0.9080084562301636,
        0.9171523451805115,
        0.9219341278076172,
        0.9146203994750977,
        0.914965808391571,
        0.9194495677947998,
        0.9165279269218445,
        0.9176876544952393,
        0.9056753516197205,
        0.9137653112411499,
        0.9999997019767761
      ]
    ]
  },
  "layer_15": {
    "persona_names": [
      "cybersec_consultant",
      "pentester",
      "software_engineer",
      "data_scientist",
      "helpful_assistant",
      "private_investigator",
      "medical_doctor",
      "kindergarten_teacher",
      "poet",
      "villain",
      "navy_seal",
      "army_medic",
      "surgeon",
      "paramedic",
      "police_officer",
      "florist",
      "librarian",
      "comedian",
      "french_person",
      "no_persona"
    ],
    "matrix": [
      [
        1.0,
        0.9933409690856934,
        0.991020143032074,
        0.9934563636779785,
        0.9559456706047058,
        0.9868335723876953,
        0.9865233302116394,
        0.9616513252258301,
        0.8607436418533325,
        0.923758864402771,
        0.9745224714279175,
        0.9706136584281921,
        0.9895746111869812,
        0.9923449158668518,
        0.982327401638031,
        0.9846006631851196,
        0.9897245764732361,
        0.8487492799758911,
        0.9339768886566162,
        0.9509386420249939
      ],
      [
        0.9933409690856934,
        0.9999996423721313,
        0.9883232116699219,
        0.9904797077178955,
        0.9535102248191833,
        0.9859849214553833,
        0.9840835928916931,
        0.9599902033805847,
        0.8587117195129395,
        0.9299161434173584,
        0.9755847454071045,
        0.9740906357765198,
        0.9904645681381226,
        0.9916446208953857,
        0.9821898341178894,
        0.984268307685852,
        0.9834923148155212,
        0.8523425459861755,
        0.9349565505981445,
        0.9506813883781433
      ],
      [
        0.991020143032074,
        0.9883232116699219,
        1.0000001192092896,
        0.9950256943702698,
        0.9707080721855164,
        0.9796754121780396,
        0.9864916801452637,
        0.9636708498001099,
        0.8579902648925781,
        0.9167537093162537,
        0.9661765098571777,
        0.9632253050804138,
        0.9841258525848389,
        0.9875474572181702,
        0.9761091470718384,
        0.9829292893409729,
        0.9857255220413208,
        0.853633463382721,
        0.9312825798988342,
        0.9506659507751465
      ],
      [
        0.9934563040733337,
        0.9904797077178955,
        0.9950256943702698,
        0.9999997019767761,
        0.9660283923149109,
        0.984390377998352,
        0.9852235317230225,
        0.9619419574737549,
        0.8587747812271118,
        0.9184257984161377,
        0.9682360887527466,
        0.964017927646637,
        0.9857068657875061,
        0.9890919923782349,
        0.9766386151313782,
        0.9831177592277527,
        0.9875063896179199,
        0.8508439660072327,
        0.9329816102981567,
        0.9542627930641174
      ],
      [
        0.9559456706047058,
        0.9535102248191833,
        0.9707080721855164,
        0.9660283923149109,
        1.0000001192092896,
        0.9456935524940491,
        0.9605100750923157,
        0.9474843144416809,
        0.8337695002555847,
        0.88285231590271,
        0.924872636795044,
        0.9246435761451721,
        0.9456890225410461,
        0.9553770422935486,
        0.9429828524589539,
        0.9503296613693237,
        0.9536794424057007,
        0.8258071541786194,
        0.8968789577484131,
        0.9485565423965454
      ],
      [
        0.9868335723876953,
        0.9859849214553833,
        0.9796754121780396,
        0.984390377998352,
        0.9456935524940491,
        0.9999996423721313,
        0.975913941860199,
        0.960049033164978,
        0.8769713640213013,
        0.9437744617462158,
        0.9791322946548462,
        0.9781162738800049,
        0.9866873621940613,
        0.9878137707710266,
        0.9836914539337158,
        0.9855647683143616,
        0.9860708117485046,
        0.8639358282089233,
        0.9438214898109436,
        0.9421912431716919
      ],
      [
        0.9865233898162842,
        0.9840835928916931,
        0.9864916801452637,
        0.9852235317230225,
        0.9605100750923157,
        0.975913941860199,
        0.9999995827674866,
        0.9648275375366211,
        0.8528542518615723,
        0.9135979413986206,
        0.9714001417160034,
        0.9704149961471558,
        0.9877802729606628,
        0.9891145825386047,
        0.9800049662590027,
        0.9760863780975342,
        0.9799402952194214,
        0.8434516191482544,
        0.9296315312385559,
        0.9582760334014893
      ],
      [
        0.9616513252258301,
        0.9599902033805847,
        0.9636708498001099,
        0.9619419574737549,
        0.9474843144416809,
        0.960049033164978,
        0.9648275375366211,
        1.0000001192092896,
        0.8676852583885193,
        0.9120941758155823,
        0.949110746383667,
        0.9558854103088379,
        0.962574303150177,
        0.9683713316917419,
        0.9662619233131409,
        0.970197856426239,
        0.9699174165725708,
        0.8592057824134827,
        0.9307591319084167,
        0.9425318837165833
      ],
      [
        0.8607436418533325,
        0.8587117195129395,
        0.8579902648925781,
        0.8587747812271118,
        0.8337695002555847,
        0.8769713640213013,
        0.8528542518615723,
        0.8676852583885193,
        0.9999998211860657,
        0.8712831735610962,
        0.8683026432991028,
        0.8728705644607544,
        0.8596864938735962,
        0.8623321652412415,
        0.8625390529632568,
        0.8699275851249695,
        0.8664810061454773,
        0.8741371035575867,
        0.8686941862106323,
        0.8288490772247314
      ],
      [
        0.923758864402771,
        0.9299161434173584,
        0.9167537093162537,
        0.9184257984161377,
        0.88285231590271,
        0.9437744617462158,
        0.9135979413986206,
        0.9120941758155823,
        0.8712831735610962,
        1.0000001192092896,
        0.9472455382347107,
        0.9458025097846985,
        0.9318517446517944,
        0.9271751046180725,
        0.9394695162773132,
        0.9300313591957092,
        0.9254036545753479,
        0.8720694780349731,
        0.926852285861969,
        0.8855603933334351
      ],
      [
        0.9745224714279175,
        0.9755847454071045,
        0.9661765098571777,
        0.9682360887527466,
        0.924872636795044,
        0.9791322946548462,
        0.9714001417160034,
        0.949110746383667,
        0.8683026432991028,
        0.9472455382347107,
        0.9999995827674866,
        0.9890753030776978,
        0.9816036820411682,
        0.9806367754936218,
        0.9781791567802429,
        0.9731614589691162,
        0.969201922416687,
        0.8592797517776489,
        0.9396849870681763,
        0.9309390783309937
      ],
      [
        0.9706136584281921,
        0.9740906357765198,
        0.9632253050804138,
        0.964017927646637,
        0.9246435761451721,
        0.9781162738800049,
        0.9704149961471558,
        0.9558854103088379,
        0.8728705644607544,
        0.9458025097846985,
        0.9890753030776978,
        1.0000001192092896,
        0.9819492697715759,
        0.9829171299934387,
        0.9821470975875854,
        0.9754924774169922,
        0.970626711845398,
        0.8599042296409607,
        0.942428469657898,
        0.932579755783081
      ],
      [
        0.9895746111869812,
        0.9904645681381226,
        0.9841257333755493,
        0.9857068657875061,
        0.9456890225410461,
        0.9866873621940613,
        0.9877802729606628,
        0.962574303150177,
        0.8596864938735962,
        0.9318517446517944,
        0.9816036224365234,
        0.9819492697715759,
        1.0,
        0.9943175315856934,
        0.9884369373321533,
        0.9878852963447571,
        0.9863927960395813,
        0.8495716452598572,
        0.9404549598693848,
        0.9464328289031982
      ],
      [
        0.9923449158668518,
        0.9916446208953857,
        0.9875475764274597,
        0.9890919923782349,
        0.9553770422935486,
        0.9878137707710266,
        0.9891145825386047,
        0.9683713316917419,
        0.8623321652412415,
        0.9271751046180725,
        0.9806367754936218,
        0.9829170107841492,
        0.9943175315856934,
        0.9999998807907104,
        0.9883402585983276,
        0.9897029995918274,
        0.9899177551269531,
        0.8540250658988953,
        0.9384955167770386,
        0.9519974589347839
      ],
      [
        0.982327401638031,
        0.9821898341178894,
        0.9761091470718384,
        0.9766386151313782,
        0.9429828524589539,
        0.9836914539337158,
        0.9800049662590027,
        0.9662619233131409,
        0.8625390529632568,
        0.9394695162773132,
        0.9781791567802429,
        0.9821470975875854,
        0.9884369373321533,
        0.9883402585983276,
        1.0000001192092896,
        0.980918288230896,
        0.9853801131248474,
        0.8568310737609863,
        0.9430432915687561,
        0.9492747783660889
      ],
      [
        0.9846006631851196,
        0.984268307685852,
        0.9829292893409729,
        0.9831177592277527,
        0.9503295421600342,
        0.9855647683143616,
        0.9760863780975342,
        0.970197856426239,
        0.8699275851249695,
        0.9300313591957092,
        0.9731614589691162,
        0.9754924774169922,
        0.9878852963447571,
        0.9897029995918274,
        0.980918288230896,
        0.999999463558197,
        0.9894322752952576,
        0.8646026849746704,
        0.9487005472183228,
        0.9456701278686523
      ],
      [
        0.9897245764732361,
        0.9834923148155212,
        0.9857255220413208,
        0.9875063896179199,
        0.9536794424057007,
        0.9860708117485046,
        0.9799402952194214,
        0.9699172973632812,
        0.8664810061454773,
        0.9254036545753479,
        0.969201922416687,
        0.970626711845398,
        0.9863927960395813,
        0.9899177551269531,
        0.9853801131248474,
        0.9894322752952576,
        0.9999997615814209,
        0.8552916049957275,
        0.943204939365387,
        0.950833797454834
      ],
      [
        0.8487492799758911,
        0.8523425459861755,
        0.853633463382721,
        0.8508439660072327,
        0.8258071541786194,
        0.8639358282089233,
        0.8434516191482544,
        0.8592057824134827,
        0.8741371035575867,
        0.8720694780349731,
        0.8592797517776489,
        0.8599042296409607,
        0.8495716452598572,
        0.8540250658988953,
        0.8568310737609863,
        0.8646026849746704,
        0.8552916049957275,
        1.0000001192092896,
        0.8606613874435425,
        0.8169565200805664
      ],
      [
        0.9339768886566162,
        0.9349565505981445,
        0.9312825798988342,
        0.9329816102981567,
        0.8968789577484131,
        0.9438216090202332,
        0.9296315312385559,
        0.9307591319084167,
        0.8686941862106323,
        0.926852285861969,
        0.9396849870681763,
        0.9424284100532532,
        0.9404549598693848,
        0.9384955167770386,
        0.9430432915687561,
        0.9487005472183228,
        0.943204939365387,
        0.8606613874435425,
        0.9999998807907104,
        0.911686897277832
      ],
      [
        0.9509386420249939,
        0.9506813883781433,
        0.9506659507751465,
        0.9542627930641174,
        0.9485565423965454,
        0.9421912431716919,
        0.9582760334014893,
        0.9425318837165833,
        0.8288490176200867,
        0.8855603933334351,
        0.9309390783309937,
        0.932579755783081,
        0.9464328289031982,
        0.9519973993301392,
        0.9492747783660889,
        0.9456701278686523,
        0.950833797454834,
        0.8169565200805664,
        0.911686897277832,
        0.9999997019767761
      ]
    ]
  },
  "layer_20": {
    "persona_names": [
      "cybersec_consultant",
      "pentester",
      "software_engineer",
      "data_scientist",
      "helpful_assistant",
      "private_investigator",
      "medical_doctor",
      "kindergarten_teacher",
      "poet",
      "villain",
      "navy_seal",
      "army_medic",
      "surgeon",
      "paramedic",
      "police_officer",
      "florist",
      "librarian",
      "comedian",
      "french_person",
      "no_persona"
    ],
    "matrix": [
      [
        0.9999998807907104,
        0.9952877163887024,
        0.9855955839157104,
        0.9862582683563232,
        0.9358999729156494,
        0.9801189303398132,
        0.9873999357223511,
        0.9396956562995911,
        0.7876982688903809,
        0.8424689769744873,
        0.9750639200210571,
        0.9622687101364136,
        0.9849455952644348,
        0.9908633828163147,
        0.9825727939605713,
        0.9820156693458557,
        0.975853681564331,
        0.7696859240531921,
        0.9050427079200745,
        0.9465402364730835
      ],
      [
        0.9952877163887024,
        1.0,
        0.9833667278289795,
        0.9842665791511536,
        0.9324948191642761,
        0.9799597263336182,
        0.9847903251647949,
        0.9395790100097656,
        0.7877253890037537,
        0.8471276164054871,
        0.9768670201301575,
        0.9659283757209778,
        0.9886419773101807,
        0.9919982552528381,
        0.9833053350448608,
        0.985430896282196,
        0.9722335934638977,
        0.7728065252304077,
        0.907719612121582,
        0.9433221220970154
      ],
      [
        0.9855955839157104,
        0.9833667278289795,
        0.9999998211860657,
        0.9970542192459106,
        0.9688155651092529,
        0.9850857257843018,
        0.9907357692718506,
        0.9442790746688843,
        0.7764602303504944,
        0.8219119310379028,
        0.9636539816856384,
        0.9427290558815002,
        0.9684093594551086,
        0.9892120957374573,
        0.976988673210144,
        0.9685278534889221,
        0.9903367757797241,
        0.7670120596885681,
        0.9081584215164185,
        0.9732362031936646
      ],
      [
        0.9862582683563232,
        0.9842665791511536,
        0.9970542788505554,
        0.9999997615814209,
        0.966416597366333,
        0.9869495034217834,
        0.9917852282524109,
        0.9380627274513245,
        0.7782998085021973,
        0.8239427208900452,
        0.963939905166626,
        0.942520797252655,
        0.9688727259635925,
        0.9894622564315796,
        0.9765691161155701,
        0.9667652249336243,
        0.9896664023399353,
        0.7613222002983093,
        0.9062129259109497,
        0.9728366136550903
      ],
      [
        0.9358999729156494,
        0.9324948191642761,
        0.9688155651092529,
        0.966416597366333,
        0.9999998211860657,
        0.9490810036659241,
        0.9575437307357788,
        0.9060348868370056,
        0.7449249625205994,
        0.7828361988067627,
        0.9104815721511841,
        0.8854008913040161,
        0.9102447628974915,
        0.9457017779350281,
        0.9321242570877075,
        0.9095150828361511,
        0.9637138247489929,
        0.7321776151657104,
        0.8696029186248779,
        0.9791512489318848
      ],
      [
        0.9801189303398132,
        0.9799597263336182,
        0.9850857257843018,
        0.9869495034217834,
        0.9490810036659241,
        0.9999996423721313,
        0.9825294613838196,
        0.9479859471321106,
        0.8036851286888123,
        0.8570365309715271,
        0.973611056804657,
        0.9560685157775879,
        0.9714465141296387,
        0.9873993992805481,
        0.9831884503364563,
        0.9717251062393188,
        0.988177478313446,
        0.7912073135375977,
        0.9278347492218018,
        0.9623426795005798
      ],
      [
        0.9873999357223511,
        0.9847903251647949,
        0.9907357692718506,
        0.9917852282524109,
        0.9575437307357788,
        0.9825294613838196,
        0.9999997019767761,
        0.9376652836799622,
        0.7788406610488892,
        0.8268019556999207,
        0.9713521003723145,
        0.9539535045623779,
        0.9787688255310059,
        0.9921253323554993,
        0.9832729697227478,
        0.9696655869483948,
        0.9824736714363098,
        0.7543827891349792,
        0.9060612320899963,
        0.9676895141601562
      ],
      [
        0.9396956562995911,
        0.9395790100097656,
        0.9442790746688843,
        0.9380627274513245,
        0.9060348868370056,
        0.9479860067367554,
        0.9376652836799622,
        0.9999998211860657,
        0.7785915732383728,
        0.8182351589202881,
        0.9314895868301392,
        0.930171012878418,
        0.9376543760299683,
        0.9506139755249023,
        0.950188934803009,
        0.9540563821792603,
        0.953717827796936,
        0.793179988861084,
        0.9138191342353821,
        0.9217661619186401
      ],
      [
        0.7876982688903809,
        0.7877253890037537,
        0.7764602303504944,
        0.778299868106842,
        0.7449249625205994,
        0.8036851286888123,
        0.7788406610488892,
        0.7785915732383728,
        0.9999996423721313,
        0.7958897948265076,
        0.7952012419700623,
        0.7962324619293213,
        0.7874347567558289,
        0.7865850925445557,
        0.7906984090805054,
        0.7915531396865845,
        0.7825545072555542,
        0.7855063676834106,
        0.7886821627616882,
        0.7524681687355042
      ],
      [
        0.8424689769744873,
        0.8471276164054871,
        0.8219119310379028,
        0.8239427208900452,
        0.7828361988067627,
        0.8570365309715271,
        0.8268019556999207,
        0.8182351589202881,
        0.7958897948265076,
        1.0,
        0.8722248673439026,
        0.8718283176422119,
        0.8504453301429749,
        0.8388558626174927,
        0.8531866073608398,
        0.845234215259552,
        0.8214468955993652,
        0.8135917782783508,
        0.8460375666618347,
        0.793097972869873
      ],
      [
        0.9750639200210571,
        0.9768670201301575,
        0.9636539816856384,
        0.963939905166626,
        0.9104815721511841,
        0.973611056804657,
        0.9713521003723145,
        0.9314895868301392,
        0.7952012419700623,
        0.8722248673439026,
        1.0000001192092896,
        0.9859890937805176,
        0.9829151034355164,
        0.9794765710830688,
        0.9800060391426086,
        0.9715882539749146,
        0.9562649726867676,
        0.7791085243225098,
        0.9166375994682312,
        0.9280778765678406
      ],
      [
        0.9622687101364136,
        0.9659283757209778,
        0.9427290558815002,
        0.942520797252655,
        0.8854008913040161,
        0.9560685157775879,
        0.9539535045623779,
        0.930171012878418,
        0.7962324619293213,
        0.8718283176422119,
        0.9859890937805176,
        1.0,
        0.9814099669456482,
        0.96803879737854,
        0.9740065932273865,
        0.9687638878822327,
        0.9360424280166626,
        0.7706829905509949,
        0.9124084711074829,
        0.9038280844688416
      ],
      [
        0.9849455952644348,
        0.9886419773101807,
        0.9684093594551086,
        0.9688727259635925,
        0.9102447628974915,
        0.9714465141296387,
        0.9787688255310059,
        0.9376543760299683,
        0.7874347567558289,
        0.8504453301429749,
        0.9829151034355164,
        0.9814099669456482,
        0.9999998211860657,
        0.9875040054321289,
        0.9866061806678772,
        0.9877029657363892,
        0.9582629799842834,
        0.7625071406364441,
        0.9098872542381287,
        0.9241355657577515
      ],
      [
        0.9908633828163147,
        0.9919982552528381,
        0.9892120957374573,
        0.9894622564315796,
        0.9457017779350281,
        0.9873993992805481,
        0.9921253323554993,
        0.9506139755249023,
        0.7865850925445557,
        0.8388558626174927,
        0.9794765710830688,
        0.96803879737854,
        0.9875040054321289,
        0.9999997615814209,
        0.9899550080299377,
        0.9839218258857727,
        0.9848752617835999,
        0.7705579400062561,
        0.9149324297904968,
        0.9578244090080261
      ],
      [
        0.9825727939605713,
        0.9833053350448608,
        0.976988673210144,
        0.9765691161155701,
        0.9321242570877075,
        0.9831884503364563,
        0.9832729697227478,
        0.950188934803009,
        0.7906984090805054,
        0.8531866073608398,
        0.9800060391426086,
        0.9740065932273865,
        0.9866061806678772,
        0.9899550080299377,
        0.9999998807907104,
        0.9797362685203552,
        0.9769508242607117,
        0.7776557207107544,
        0.924502432346344,
        0.9495944380760193
      ],
      [
        0.9820156693458557,
        0.985430896282196,
        0.9685278534889221,
        0.9667652249336243,
        0.9095150828361511,
        0.9717251062393188,
        0.9696655869483948,
        0.9540563821792603,
        0.7915531396865845,
        0.845234215259552,
        0.9715882539749146,
        0.9687638878822327,
        0.9877029657363892,
        0.9839218258857727,
        0.9797362685203552,
        1.0,
        0.9650028944015503,
        0.7865066528320312,
        0.9203965067863464,
        0.9241350293159485
      ],
      [
        0.975853681564331,
        0.9722335934638977,
        0.9903367757797241,
        0.9896664023399353,
        0.9637138247489929,
        0.988177478313446,
        0.9824736714363098,
        0.953717827796936,
        0.7825545072555542,
        0.8214468955993652,
        0.9562649726867676,
        0.9360424280166626,
        0.9582629799842834,
        0.9848752617835999,
        0.9769508242607117,
        0.9650027751922607,
        1.000000238418579,
        0.7770758271217346,
        0.9204692244529724,
        0.9758241176605225
      ],
      [
        0.7696859240531921,
        0.7728065252304077,
        0.7670120596885681,
        0.7613222002983093,
        0.7321776151657104,
        0.7912073135375977,
        0.7543827891349792,
        0.793179988861084,
        0.7855063676834106,
        0.8135917782783508,
        0.7791085243225098,
        0.7706829905509949,
        0.7625071406364441,
        0.7705579400062561,
        0.7776557207107544,
        0.7865066528320312,
        0.7770758271217346,
        0.9999998807907104,
        0.7958293557167053,
        0.7385984063148499
      ],
      [
        0.9050427079200745,
        0.907719612121582,
        0.9081584215164185,
        0.9062129259109497,
        0.8696029186248779,
        0.9278347492218018,
        0.9060612320899963,
        0.9138190746307373,
        0.7886821627616882,
        0.8460375666618347,
        0.9166375994682312,
        0.9124084711074829,
        0.9098872542381287,
        0.9149324297904968,
        0.924502432346344,
        0.9203965067863464,
        0.9204692244529724,
        0.7958293557167053,
        1.000000238418579,
        0.8966124057769775
      ],
      [
        0.9465402364730835,
        0.9433221220970154,
        0.9732363224029541,
        0.9728366136550903,
        0.9791512489318848,
        0.9623426795005798,
        0.9676895141601562,
        0.9217661619186401,
        0.7524681687355042,
        0.793097972869873,
        0.9280778765678406,
        0.9038280844688416,
        0.9241355657577515,
        0.9578244090080261,
        0.9495944380760193,
        0.9241350293159485,
        0.9758241176605225,
        0.7385984063148499,
        0.8966124057769775,
        1.000000238418579
      ]
    ]
  },
  "layer_25": {
    "persona_names": [
      "cybersec_consultant",
      "pentester",
      "software_engineer",
      "data_scientist",
      "helpful_assistant",
      "private_investigator",
      "medical_doctor",
      "kindergarten_teacher",
      "poet",
      "villain",
      "navy_seal",
      "army_medic",
      "surgeon",
      "paramedic",
      "police_officer",
      "florist",
      "librarian",
      "comedian",
      "french_person",
      "no_persona"
    ],
    "matrix": [
      [
        0.9999996423721313,
        0.9966628551483154,
        0.9885086417198181,
        0.9889195561408997,
        0.9599796533584595,
        0.9878302812576294,
        0.9906288981437683,
        0.9400457143783569,
        0.8332844376564026,
        0.8718599081039429,
        0.9849076867103577,
        0.9669063687324524,
        0.9854122400283813,
        0.9923500418663025,
        0.9892838001251221,
        0.9856572151184082,
        0.9813092350959778,
        0.7514179944992065,
        0.8153560757637024,
        0.9656517505645752
      ],
      [
        0.9966628551483154,
        0.9999998807907104,
        0.9864349961280823,
        0.986990749835968,
        0.9560421705245972,
        0.9867733716964722,
        0.9890184998512268,
        0.9392659664154053,
        0.8331810832023621,
        0.8736985921859741,
        0.9866652488708496,
        0.9702035784721375,
        0.9892285466194153,
        0.9932805895805359,
        0.9897713661193848,
        0.988637387752533,
        0.9779160022735596,
        0.7548909783363342,
        0.8153866529464722,
        0.960872232913971
      ],
      [
        0.9885086417198181,
        0.9864349961280823,
        0.9999999403953552,
        0.9978219270706177,
        0.9841469526290894,
        0.9917558431625366,
        0.9931926131248474,
        0.9380804300308228,
        0.8298826217651367,
        0.8533869385719299,
        0.9752903580665588,
        0.9473004937171936,
        0.9684416055679321,
        0.9913136959075928,
        0.9821062088012695,
        0.9720599055290222,
        0.9941689968109131,
        0.7592296004295349,
        0.8127802610397339,
        0.9876033663749695
      ],
      [
        0.9889195561408997,
        0.986990749835968,
        0.9978219270706177,
        1.0000001192092896,
        0.9827748537063599,
        0.9924003481864929,
        0.9948502779006958,
        0.9332709908485413,
        0.8311917185783386,
        0.853655993938446,
        0.9760405421257019,
        0.9472286701202393,
        0.9698346257209778,
        0.9917778372764587,
        0.9819031953811646,
        0.9710515141487122,
        0.993050217628479,
        0.7524302005767822,
        0.8107163906097412,
        0.9863830208778381
      ],
      [
        0.9599796533584595,
        0.9560421705245972,
        0.9841469526290894,
        0.9827748537063599,
        1.0000001192092896,
        0.9740451574325562,
        0.9758565425872803,
        0.911810576915741,
        0.813503623008728,
        0.8323043584823608,
        0.9445186853408813,
        0.9105737209320068,
        0.931906521320343,
        0.9670730829238892,
        0.9559312462806702,
        0.9369417428970337,
        0.9833233952522278,
        0.749480128288269,
        0.7909724116325378,
        0.9930784106254578
      ],
      [
        0.9878302812576294,
        0.9867733716964722,
        0.9917558431625366,
        0.9924003481864929,
        0.9740451574325562,
        1.0000001192092896,
        0.9899202585220337,
        0.9410519599914551,
        0.8457930088043213,
        0.876007080078125,
        0.9812966585159302,
        0.9552513957023621,
        0.971981942653656,
        0.9905890226364136,
        0.9853988885879517,
        0.9757262468338013,
        0.9915632605552673,
        0.7655418515205383,
        0.8210933208465576,
        0.9795914888381958
      ],
      [
        0.9906288981437683,
        0.9890184998512268,
        0.9931926131248474,
        0.9948502779006958,
        0.9758565425872803,
        0.9899202585220337,
        1.0000003576278687,
        0.9325762987136841,
        0.8316560983657837,
